1
9&&&-Q|W|E|R|T|Y|U|I|O|&&&-6|76|69|67|66|41|61|19|81|55|50|68|53|73|43|48|14|26|3|36|&&&-Q|T|Y|I|&&&-9
Q|1|1|大一|男|&&&-26|41|48|36|14|50|55|73|53|66|43|3|81|19|76|69|68|67|6|61|&&&-&&&-&&&-0|0|0|0|0|0|0|0|0|0|0|0|0|0|0|0|0|0|0|0|&&&-10|10|10|10|10|10|10|10|10|10|10|10|10|10|10|10|10|10|10|10|&&&-0&&&-1527846967
W|w|2|大一|男|&&&-48|76|66|41|3|69|19|26|53|36|55|67|68|61|81|14|6|43|50|73|&&&-&&&-&&&-0|0|0|0|1|0|0|0|0|0|0|0|0|0|0|0|0|0|0|0|&&&-10|10|10|10|10|10|10|10|10|10|10|10|10|10|10|10|10|10|10|10|&&&-0&&&-1527846971
E|e|3|大一|男|&&&-26|61|68|48|66|53|19|6|76|73|41|67|81|55|36|14|50|69|43|3|&&&-&&&-&&&-0|0|0|0|0|0|0|0|0|0|0|0|0|0|0|0|0|0|0|0|&&&-10|10|10|10|10|10|10|10|10|10|10|10|10|10|10|10|10|10|10|10|&&&-0&&&-1527846969
R|r|4|大一|男|&&&-3|36|67|81|43|26|76|68|14|66|73|41|50|55|61|69|53|19|48|6|&&&-&&&-&&&-1|1|1|0|0|0|0|0|0|0|0|0|0|0|0|0|0|0|0|0|&&&-10|10|10|10|10|10|10|10|10|10|10|10|10|10|10|10|10|10|10|10|&&&-0&&&-1527846971
T|t|5|大一|男|&&&-14|68|69|61|43|41|19|6|53|73|26|48|36|67|55|3|76|66|50|81|&&&-&&&-&&&-0|0|0|0|0|0|0|0|0|0|0|0|0|0|0|0|0|0|0|0|&&&-10|10|10|10|10|10|10|10|10|10|10|10|10|10|10|10|10|10|10|10|&&&-0&&&-1527846969
Y|y|6|大一|男|&&&-53|66|36|73|6|50|48|61|14|26|69|41|67|68|81|55|3|19|76|43|&&&-&&&-&&&-0|0|0|0|1|0|0|0|0|0|0|0|0|0|0|0|0|0|0|0|&&&-10|10|10|10|10|10|10|10|10|10|10|10|10|10|10|10|10|10|10|10|&&&-0&&&-1527846969
U|u|7|大一|男|&&&-69|26|50|48|19|73|3|14|53|68|67|76|55|81|36|43|66|6|41|61|&&&-&&&-&&&-0|0|0|0|0|0|0|0|0|0|0|0|0|0|0|0|0|0|0|0|&&&-10|10|10|10|10|10|10|10|10|10|10|10|10|10|10|10|10|10|10|10|&&&-0&&&-1527846970
I|i|8|大一|男|&&&-14|67|61|76|6|69|41|26|68|48|43|19|50|66|55|73|36|53|81|3|&&&-&&&-&&&-0|0|0|0|1|0|0|0|0|0|0|0|0|0|0|0|0|0|0|0|&&&-10|10|10|10|10|10|10|10|10|10|10|10|10|10|10|10|10|10|10|10|&&&-0&&&-1527846972
O|o|9|大一|男|&&&-67|50|55|26|68|48|36|14|41|3|61|19|6|66|53|73|43|76|81|69|&&&-&&&-&&&-0|0|0|1|0|0|0|0|0|0|0|0|0|0|0|0|0|0|0|0|&&&-10|10|6|8|3|10|10|10|10|10|10|10|10|10|10|10|10|10|10|10|&&&-0&&&-1527846970
